max cut, qvm noisy, 7, 0.5, 101, 10 averaged:
SLSQP: [1, 2, 3, 4, 5, 6, 7, 8, 9, 10] [7.4, 5.4, 6.8, 6.8, 7.5, 7.1, 7.4, 7.2, 7.1, 7.2] [0.7675619, 2.3788574000000002, 5.473060800000001, 13.055287400000003, 20.08165610000001, 27.460446500000018, 44.77610919999999, 56.36047559999997, 71.41123759999996, 90.34787150000002]
cobyla: [1, 2, 3, 4, 5, 6, 7, 8, 9, 10] [6.5, 7.1, 4.5, 4.8, 6.6, 5.9, 6.1, 6.4, 7.4, 7.2] [1.8948674999999184, 7.946234200000026, 14.936509300000035, 18.776327099999982, 22.41776010000003, 25.879790699999965, 31.092782700000136, 34.249785900000006, 37.58653710000017, 40.673255800000064]
nelder-mead: [1, 2, 3, 4, 5, 6, 7, 8, 9, 10] [7.1, 6.3, 6.6, 4.7, 6.4, 7.3, 7.2, 7.3, 6.4, 6.4] [0.802242699999988, 3.523792799999865, 9.659243899999911, 22.45278360000011, 41.13903939999982, 62.369159099999976, 80.73649779999997, 103.78744589999997, 133.34751480000014, 160.09498649999986]
powell: [1, 2, 3, 4, 5, 6, 7, 8, 9, 10] [8.2, 5.8, 6.2, 7.1, 7.5, 6.3, 7.2, 7.0, 7.3, 7.8] [1.0888682000000003, 4.7718053, 12.0702022, 23.5429629, 38.706273499999995, 66.47015929999998, 93.07619050000001, 115.31536260000003, 145.59180180000004, 283.80474810000015]

no noise:
SLSQP: [1, 2, 3, 4, 5, 6, 7, 8, 9, 10] [7.2, 5.3, 6.6, 6.1, 5.5, 7.0, 6.7, 6.5, 8.3, 6.7] [0.6222645000000002, 2.3053438, 5.535298499999999, 14.468124300000003, 20.76860620000001, 32.07738289999999, 48.232793400000006, 52.70404899999998, 74.60889719999996, 80.59465189999996]
cobyla: [1, 2, 3, 4, 5, 6, 7, 8, 9, 10] [7.0, 4.8, 7.3, 6.1, 5.9, 6.7, 5.1, 6.1, 6.0, 7.2] [1.6785988999999062, 7.332393900000033, 13.627520800000047, 18.839515500000015, 22.254200999999966, 25.433917100000098, 30.18152460000001, 33.787240200000085, 37.04310830000004, 40.03979069999987]
nelder-mead: 
powell:



max clique, qvm noisy, 7, 0.5, 101, 10 averaged:
SLSQP: [1, 2, 3, 4, 5, 6, 7, 8, 9, 10] [0.9, 1.2, 1.2, 1.2, 0.3, 1.8, 0.3, 1.5, 1.4, 1.2] [0.5718705999999999, 1.6256520000000005, 4.015618199999998, 8.118440699999999, 14.46291030000001, 23.825064500000003, 31.352080099999977, 42.544288699999996, 52.677825299999995, 73.06815940000008]
cobyla: [1, 2, 3, 4, 5, 6, 7, 8, 9, 10] [1.5, 0.8, 1.1, 1.8, 1.2, 0.9, 0.6, 1.8, 1.5, 1.8] [0.5081798999999592, 4.514636199999904, 7.424887399999989, 14.891463899999916, 17.92407929999995, 19.62201909999999, 24.240625499999943, 28.955243299999985, 31.03210340000005, 33.102489600000126]
nelder-mead: [1, 2, 3, 4, 5, 6, 7, 8, 9, 10] [0.0, 0.0, 0.9, 0.8, 2.1, 1.5, 2.1, 1.1, 1.2, 0.9] [0.6735450000000128, 2.8459422999998423, 8.933649100000185, 21.379417500000365, 35.53860679999989, 49.20148040000013, 69.43221209999993, 88.34618229999997, 107.82293890000001, 128.3363918000001]
powell: [1, 2, 3, 4, 5, 6, 7, 8, 9, 10] [0.9, 1.8, 1.4, 0.6, 1.2, 1.5, 1.2, 1.5, 1.5, 0.9] [0.8566068999999998, 5.2427098999999995, 10.232136700000003, 23.981369099999995, 40.536181199999994, 89.40409219999998, 92.7501084, 114.6644566, 211.89522130000006, 231.61468069999992]

no noise:
SLSQP: [1, 2, 3, 4, 5, 6, 7, 8, 9, 10] [1.2, 2.1, 0.9, 2.1, 2.1, 1.5, 1.8, 3.0, 2.1, 1.8] [0.59332, 1.5458569999999998, 3.660060299999999, 8.237853, 14.561974899999996, 23.87071720000001, 30.81978989999999, 46.93494149999998, 61.98887270000002, 65.54969290000008]
cobyla: [1, 2, 3, 4, 5, 6, 7, 8, 9, 10] [1.2, 1.5, 1.8, 1.5, 1.5, 2.1, 2.1, 2.1, 2.4, 2.4] [0.42434239999993223, 4.188654599999927, 10.609083400000008, 14.701481999999988, 16.263629400000035, 20.827355600000054, 24.50165629999997, 28.02167790000008, 30.097537499999998, 32.24491200000007]
nelder-mead: [1, 2, 3, 4, 5, 6, 7, 8, 9, 10] [0.6, 0.9, 1.8, 1.8, 2.4, 1.8, 0.9, 2.1, 2.4, 2.1] [0.5894643000000542, 2.8661747000000104, 8.262175199999911, 18.76221680000008, 32.872169599999964, 48.747789399999874, 68.35934009999991, 86.59279719999995, 105.2420811, 125.34579410000023]
powell: 


ibmqx16 max clique 4 vertex square POWELL: [1] [0]

Powell, nx.gnp_random_graph(7, 0.5, 101) rigetti qvm:
minimum vertex cover noise: [0, 0, 0, 0, 0, 0, 6, 0, 0, 0, 0, 0, 5, 7, 0, 0, 0, 0, 6, 6, 0, 0, 0, 0, 0, 0, 6, 0, 0, 0, 0, 6, 0]
minimum vertex cover no noise: [0, 0, 0, 0, 0, 0, 0, 0, 0, 0, 0, 0, 0, 0, 0, 0, 0, 0, 0, 0, 0, 0, 0, 0, 0, 0, 0, 0, 0, 0, 0, 0, 0]

maximum clique no noise: [0, 0, 3, 3, 3, 3, 3, 3, 0, 3, 3, 3, 0, 3, 3, 3, 0, 3, 3, 0, 3, 3, 3, 0, 0, 3, 3, 3, 3, 3, 3, 0, 0]
maximum clique noise: [0, 0, 0, 3, 3, 0, 3, 0, 3, 0, 0, 3, 3, 3, 0, 0, 3, 3, 0, 0, 0, 0, 0, 1, 0, 0, 0, 0, 0, 0, 0, 0, 0]

maximum cut noise: [5, 0, 0, 8, 6, 8, 9, 8, 8, 9, 6, 8, 7, 8, 6, 5, 2, 7, 3, 5, 6, 6, 0, 7, 7, 0, 7, 4, 7, 7, 5, 9, 9]
maximum cut no noise: [8, 0, 7, 8, 2, 7, 4, 8, 8, 8, 2, 8, 8, 8, 6, 10, 9, 6, 6, 8, 8, 7, 8, 9, 8, 5, 8, 5, 8, 8, 5, 8, 5, 6]

SLSQP, nx.gnp_random_graph(7, 0.5, 101) rigetti qvm:
minvc no noise: [1, 2, 3, 4, 5, 6, 7, 8, 9, 10, 11, 12, 13, 14, 15, 16, 17, 18, 19, 20, 21, 22, 23, 24, 25, 26, 27, 28, 29, 30, 31, 32] [0, 0, 0, 0, 0, 0, 0, 0, 0, 0, 0, 0, 0, 0, 0, 0, 0, 0, 0, 0, 0, 0, 0, 0, 0, 0, 0, 0, 0, 0, 0, 0]
minvc noise: [1, 2, 3, 4, 5, 6, 7, 8, 9, 10, 11, 12, 13, 14, 15, 16, 17, 18, 19, 20, 21, 22, 23, 24, 25, 26, 27, 28, 29, 30, 31, 32] [0, 0, 0, 0, 0, 0, 0, 0, 4, 0, 0, 0, 0, 0, 0, 0, 5, 0, 0, 6, 0, 6, 0, 0, 0, 6, 4, 0, 0, 0, 0, 0]


max clique no noise: [1, 2, 3, 4, 5, 6, 7, 8, 9, 10, 11, 12, 13, 14, 15, 16, 17, 18, 19, 20, 21, 22, 23, 24, 25, 26, 27, 28, 29, 30, 31, 32, 33, 34, 35] [3, 0, 3, 0, 3, 0, 0, 3, 3, 3, 3, 0, 3, 3, 3, 3, 0, 3, 3, 3, 3, 3, 3, 3, 3, 3, 3, 0, 3, 3, 3, 3, 3, 3, 3]
max clique noise: [1, 2, 3, 4, 5, 6, 7, 8, 9, 10, 11, 12, 13, 14, 15, 16, 17, 18, 19, 20, 21, 22, 23, 24, 25, 26, 27, 28, 29, 30, 31, 32, 33, 34, 35] [0, 0, 3, 3, 3, 3, 0, 3, 3, 3, 0, 3, 0, 3, 0, 0, 3, 0, 0, 0, 0, 0, 0, 0, 0, 0, 0, 2, 0, 0, 0, 0, 0, 0, 1]


maxcut no noise: [1, 2, 3, 4, 5, 6, 7, 8, 9, 10, 11, 12, 13, 14, 15, 16, 17, 18, 19, 20, 21, 22, 23, 24, 25, 26, 27, 28, 29, 30, 31, 32] [8, 8, 8, 8, 8, 8, 8, 7, 3, 8, 8, 8, 8, 8, 8, 6, 5, 6, 5, 6, 5, 5, 3, 8, 9, 5, 10, 6, 8, 6, 5, 8]
maxcut noise; [1, 2, 3, 4, 5, 6, 7, 8, 9, 10, 11, 12, 13, 14, 15, 16, 17, 18, 19, 20, 21, 22, 23, 24, 25, 26, 27, 28, 29, 30, 31, 32] [8, 7, 9, 5, 8, 8, 5, 5, 8, 8, 6, 7, 4, 5, 5, 6, 8, 8, 8, 5, 9, 5, 9, 5, 7, 6, 5, 5, 6, 3, 4, 7]

Powell, nx.gnp_random_graph(7, 0.5, 101) qasm simulator:
Maximum clique: [1, 2, 3, 4, 5, 6, 7, 8, 9, 10, 11, 12, 13, 14, 15, 16, 17, 18, 19, 20, 21, 22, 23, 24, 25, 26, 27, 28, 29, 30, 31, 32, 33, 34, 35, 36, 37, 38, 39, 40] [0, 0, 0, 0, 3, 0, 0, 3, 0, 0, 0, 0, 0, 0, 0, 0, 3, 3, 0, 0, 0, 0, 0, 0, 0, 3, 0, 0, 3, 0, 0, 3, 0, 3, 3, 0, 3, 0, 0, 0]

minimum vertex cover: [1, 2, 3, 4, 5, 6, 7, 8, 9, 10, 11, 12, 13, 14, 15, 16, 17, 18, 19, 20, 21, 22, 23, 24, 25, 26, 27, 28, 29] [7, 0, 6, 6, 6, 5, 4, 5, 0, 0, 6, 4, 4, 4, 0, 5, 6, 5, 4, 5, 5, 0, 6, 5, 0, 0, 5, 5, 0]

maximum Cut: [1, 2, 3, 4, 5, 6, 7, 8, 9, 10, 11, 12, 13, 14, 15, 16, 17, 18, 19, 20, 21, 22, 23, 24, 25, 26, 27, 28, 29] [8, 8, 10, 9, 9, 8, 8, 8, 8, 8, 8, 10, 8, 8, 7, 8, 10, 8, 8, 8, 8, 8, 8, 8, 8, 6, 8, 7, 8]

SLSQP, nx.gnp_random_graph(7, 0.5, 101) qasm simulator:
max clique: [5, 6, 7, 8, 9, 10, 11, 12, 13, 14, 15, 16, 17, 18, 19, 20, 21, 22, 23, 24, 25, 26, 27, 28, 29, 30, 31, 32, 33, 34, 35, 36, 37, 38, 39, 40, 41] [0, 1, 0, 0, 0, 2, 0, 0, 0, 1, 0, 1, 0, 0, 0, 0, 3, 0, 0, 0, 0, 1, 0, 0, 0, 0, 0, 0, 0, 0, 0, 0, 0, 0, 0, 0, 0]

SLSQP gnp qasm simulator min vc: [1, 2, 3, 4, 5, 6, 7, 8, 9, 10, 11, 12, 13, 14, 15, 16, 17, 18, 19, 20, 21, 22, 23, 24, 25, 26, 27, 28, 29, 30, 31, 32, 33, 34, 35, 36, 37, 38] [0, 0, 0, 0, 0, 0, 0, 0, 0, 0, 5, 0, 0, 0, 0, 0, 0, 0, 0, 6, 0, 0, 6, 0, 0, 0, 0, 0, 0, 7, 0, 0, 0, 0, 0, 0, 0, 0]

SLSQP gnp, qasm simulator maxcut: [1, 2, 3, 4, 5, 6, 7, 8, 9, 10, 11, 12, 13, 14, 15, 16, 17, 18, 19, 20, 21, 22, 23, 24, 25, 26, 27, 28, 29, 30, 31, 32, 33, 34, 35, 36, 37, 38] [9, 7, 6, 5, 8, 6, 6, 9, 6, 8, 5, 8, 8, 2, 5, 7, 7, 7, 5, 6, 7, 7, 5, 9, 4, 5, 9, 7, 5, 9, 5, 3, 5, 5, 9, 7, 9, 8]


SLSQP opt, ibmqx16, melbourne graph problem, max cut: [1, 2, 3, 4, 5, 6] [11, 6, 4, 4, 3, 7]

SLSQP opt, ibmqx4, ibmqx4, max cut [1, 2, 3, 4, 5, 6, 7] [4, 4, 4, 2, 2, 4, 2]


D-Wave Max Cut - [10, 10, 10, 10, 10, 10, 10, 10, 10, 10, 10, 10, 10, 10, 10, 10, 10, 10, 10, 10, 10, 10, 10, 10, 10, 10, 10, 10, 10] [1, 2, 3, 4, 5, 6, 7, 8, 9, 10, 11, 12, 13, 14, 15, 16, 17, 18, 19, 20, 21, 22, 23, 24, 25, 26, 27, 28, 29]

D-Wave max clique - [3, 3, 3, 3, 3, 3, 3, 3, 3, 3, 3, 3, 3, 3, 3, 3, 3, 3, 3, 3, 3, 3, 3, 3, 3, 3, 3, 3, 3]
[1, 2, 3, 4, 5, 6, 7, 8, 9, 10, 11, 12, 13, 14, 15, 16, 17, 18, 19, 20, 21, 22, 23, 24, 25, 26, 27, 28, 29]

min vertex cover - [5, 5, 5, 5, 5, 5, 5, 5, 5, 5, 5, 5, 5, 5, 5, 4, 5, 5, 5, 5, 5, 5, 5, 5, 5, 5, 5, 4, 5]
[1, 2, 3, 4, 5, 6, 7, 8, 9, 10, 11, 12, 13, 14, 15, 16, 17, 18, 19, 20, 21, 22, 23, 24, 25, 26, 27, 28, 29]


